((("rubocop" .
   [0 0 0 0 1 0 0])
  ("flycheck" .
   [1 0 0 0 0 0 0 0])
  ("cash" .
   [0 0 1 0])
  ("tokenize" .
   [0 0 0 1 1 0 0 0])
  ("CONST" .
   [1 0 0 0 0])
  (":func_start" .
   [0 0 0 0 0 1 0 1 0 0 0])
  ("func_start:" .
   [1 0 0 0 0 0 0 0 0 0 0])
  ("tokens" .
   [3 0 0 0 0 0])
  ("equal?" .
   [1 0 0 0 0 0])
  ("elsif" .
   [1 0 0 1 0])
  ("puts" .
   [4 0 0 0])
  ("indent" .
   [1 0 4 0 0 1])
  ("TOKEN" .
   [0 0 0 2 0])
  (":space" .
   [0 0 0 0 1 0])
  ("list" .
   [3 0 0 0])
  ("end" .
   [2 0 0])
  ("def" .
   [3 0 1])
  ("print_ast" .
   [0 0 0 0 0 0 1 0 0])
  ("AST" .
   [1 0 0])))
